1 0.000125 0.000125
10 0.000569 5.69e-05
20 0.000875 4.375e-05
30 0.001175 3.91666666666667e-05
40 0.001532 3.83e-05
50 0.001846 3.692e-05
60 0.002138 3.56333333333333e-05
70 0.002419 3.45571428571429e-05
80 0.002721 3.40125e-05
90 0.003004 3.33777777777778e-05
100 0.003297 3.297e-05
110 0.003582 3.25636363636364e-05
120 0.004387 3.65583333333333e-05
130 0.004351 3.34692307692308e-05
140 0.004695 3.35357142857143e-05
150 0.004993 3.32866666666667e-05
160 0.005267 3.291875e-05
170 0.005619 3.30529411764706e-05
180 0.00643 3.57222222222222e-05
190 0.006174 3.24947368421053e-05
200 0.007808 3.904e-05
210 0.006738 3.20857142857143e-05
220 0.007026 3.19363636363636e-05
230 0.008217 3.57260869565217e-05
240 0.008198 3.41583333333333e-05
250 0.008901 3.5604e-05
260 0.008321 3.20038461538462e-05
270 0.008512 3.15259259259259e-05
280 0.010201 3.64321428571429e-05
290 0.009541 3.29e-05
300 0.009828 3.276e-05
310 0.009652 3.11354838709677e-05
320 0.009939 3.1059375e-05
330 0.010225 3.09848484848485e-05
340 0.010597 3.11676470588235e-05
350 0.012073 3.44942857142857e-05
360 0.012024 3.34e-05
370 0.012431 3.35972972972973e-05
380 0.01307 3.43947368421053e-05
390 0.012756 3.27076923076923e-05
400 0.013446 3.3615e-05
410 0.013788 3.36292682926829e-05
420 0.014525 3.45833333333333e-05
430 0.01477 3.43488372093023e-05
440 0.014707 3.3425e-05
450 0.015049 3.34422222222222e-05
460 0.015476 3.36434782608696e-05
470 0.016108 3.42723404255319e-05
480 0.016393 3.41520833333333e-05
490 0.016732 3.41469387755102e-05
500 0.017049 3.4098e-05

